                                                                                                    
   3666666666666666666666666666666666666666666666666666666655666666666666666666666666666666666656   
   15652222233333344333322222222333222344433223443222245564444443433222222222234543333322222465     
      565554533332116636666666666 566634 2 5666 1666666 13 444 462266666666666631133335455566       
      144233423333333234333334443 123156 165536 1443366 12132  662 22444332343443333324333551       
        636222223333322211 3 1   6561 16  1   6 31 4 66  3    4663 4     43   3333332222643         
         3665555533333332646 3256 56666453666 6 3  6    66 66 666 366666 62444333335555661          
           645 111223333 614   63 561 36 1 3416 1634 66 66 66 4 6  11  6 6133332211 1344            
            4666666633331626666142664536 4464 442666666 54 6666663364 66 61333366666662             
              313   122215    2 361 1411622323151     34232     1422322 5222221   4 4               
               266555444444444444344444444444444444444444444444444444444444444555661                
                2666666666666666666666666666666666666666666666666666666666666666651                 
                                                                                                    